423

ο6πωΕ, 273, 621. S. 10.

066 66ίὸ ης Τ11. 486, 602.

0666646Τ11. 78, 360. CXXXII, 1.

06 66646666 Τ11. 461, 919, 929.

666 666016Ε 242, 666. S. 384.
Th. 723, 731.

ο6ρανὸςΕ 111, 648, 610. Th.
mmmme
fflwwfflmm
mmmwmm
840, 847.

Οὐρανός Τ11. 46, 127, 133, 147,
164, 169, 176, 208, 421, 463,
47,0 644, 702, 891.

ο6ρει618. 186. οΧΧΙΧ.

, 0333093. 183¹.

033 ε’ωΕ. 729, 768.

0333 8. 431. Th. 771. E. 612.

⁰33 ἦ.εςΕ 791, 796.

66666 (1116111)Ε2,32, 610. Th.
129, 130, 836, 860, 866, 1001.

66166, 66τᾶ6168336. 6666-
616668, 363. 6666668, 461,

666661. 1291110, 190, 191, 269,
bis, 286, 666, 784, S. 88, 140,
217, 269, 317, 337 53. C.
321, 22. 23.

οὔτιΕ 106, 446, 616, 823. 8.
mmmffifflm

ου’τιδανός CXXIX, 2.

Ι οὔτιςΕ. 16, 366, 763. 86.

CCXIX, 2 v. 6611.

οὕτοιΕ. 769. S. 110.

ο6τος Ε. 27, 121, 126, 130, 140,
-150, 166, 179, 263, 274, 293,
mefflmm
mmmmffiwm
170, 203, 263, 348, 362, 422,
616, 636 1661616. 11111611,
2. CLXIX, 2. C. 315, 2. 19,
316, 2 10. 317, 5. 319, 816.
321, 16. 322, 10. 24. 324, 4.

6611631424, 490 Th. 448.

οὕτωςΕ, 106, 433. Th. 452.
C. 314, 12. 23. 27. 319, 11,

333333'. 14, 33, 213, 412, 496,
6666166.

6 φο61μὸς Ε. 267. Th. 143, 146,
461, 701. 8. 72, 336. IV, 2.
mhmmfflma
131. XLIV, 3. 661668. 161.
ὄφρα Ε. 260, 299, 341, 644,
606, 626, S. 28, 108. Τ11. 128,

INDEX

33333 Th. 827, 911.

6χο66, 6χοήσας Th. 558.
ὄχθη LXXVII, 1110011711.
ὀχυρώτατοςΕ 429.
ὀψᾳρότηςΕ. 490.

ὀψὲΕ .485.

11333333038. 70.

333333333. 813.

33 γος8. 439.

παγχρ6σεος Th. 335.

333333. 234.

παοεἴ6, 166061 CCXVII. 66066-
τες Th. 661, 660. 6606666
Th. 276. 66066 Ε. 218.

mmmmm

παιπαλόεις Th. 830.

mhmmmmm
Qffiw3333m,
366, 371, 386, 464, Τ11. 138,
Qfflmfflmm
398, 401, 464, 467, 472, 473,
fflfflfflffimffi,
897, 962, 981, 989, 1001.
ccxvss b.33,12.'33,3
322, 32, 324, 6. 26. 326, 5.

πάϊςΕ, 60, 376, 8. 26*. Th.
178, 563⁸, 743.

3333 CXXXIX, 2.

661616 Ε 413.

3313338. 219, 320. Th 680, 866,

3313333, v. 616676 μένος.

πάλιν Ε. 673. Τ11. 481, 772. C.
313, 13. 20. 319, 7. 19.

παλιν6γρετος8. 93.

παλίωξις8, 164.

1101166,11611666011616383.

Παλλάς Ε. 76. S. 123. Th.

66611618. 321, 461.

33333333. 276, 302, 336, 763.

1166666660. 316, 29.

παμφαί6ωΕ. 667.

6666161618139.

33333333313. 811.

πανάριστοςΕ 293.

Πα601664ςΕ. 668,

ΠανδώρηΕ. 81. XXIX,2.

11333390. 315, 22. 321, 7.

Π66611η66ςΕ. 628.

333333338. 288.

3333333330. 326, 30. 326, 3.

333333'32333. 393.

6666161660317, 1.

 

